16:54:54 2-12-2011 -1.4 90 -2.8 -1.4 -1.4 1018.4 2 238 2 0.0 0.3 540.8 0.0 0.0 65535 708 1542 0.0 0.1 0.0 76.4 63
17:09:54 2-12-2011 -1.3 90 -2.8 -1.3 -1.3 1018.4 3 287 2 0.0 0.3 540.8 0.0 0.0 65535 708 1542 0.0 0.1 0.0 76.4 63
17:24:54 2-12-2011 -1.4 90 -2.8 -1.4 -1.4 1018.5 0 288 3 0.0 0.3 540.8 0.0 0.0 65535 708 1542 0.0 0.1 0.0 76.4 63
17:39:54 2-12-2011 -1.3 91 -2.6 -1.3 -1.3 1018.2 2 240 3 0.0 0.3 540.8 0.0 0.0 65535 708 1542 0.0 0.1 0.0 76.4 63
17:54:54 2-12-2011 -1.3 91 -2.6 -1.3 -1.3 1017.8 2 219 6 0.0 0.3 540.8 0.0 0.0 65535 708 1542 0.0 0.1 0.0 76.4 63
18:09:54 2-12-2011 -1.3 91 -2.6 -1.3 -1.3 1018.2 2 225 0 0.0 0.3 540.8 0.0 0.0 65535 709 1542 0.0 0.1 0.0 76.4 44
18:24:54 2-12-2011 -1.4 90 -2.9 -1.4 -1.4 1018.5 0 231 0 0.0 0.3 540.8 0.0 0.0 65535 709 1542 0.0 0.1 0.0 76.4 44
18:39:54 2-12-2011 -1.4 90 -2.8 -3.8 -1.4 1018.3 6 240 3 0.0 0.3 540.8 0.0 0.0 65535 709 1542 0.0 0.1 0.0 76.4 44
18:54:53 2-12-2011 -1.4 90 -2.8 -1.4 -1.4 1018.1 3 152 2 0.0 0.3 540.8 0.0 0.0 65535 709 1542 0.0 0.1 0.0 76.4 44
19:09:54 2-12-2011 -1.4 91 -2.7 -1.4 -1.4 1018.3 0 159 2 0.0 0.3 540.8 0.0 0.0 65535 709 1542 0.0 0.1 0.0 76.4 44
19:24:54 2-12-2011 -1.5 91 -2.8 -1.5 -1.5 1018.0 2 169 2 0.0 0.3 540.8 0.0 0.0 65535 709 1542 0.0 0.1 0.0 76.4 44
19:39:54 2-12-2011 -1.5 92 -2.6 -1.5 -1.5 1017.9 0 178 2 0.0 0.3 540.8 0.0 0.0 65535 709 1542 0.0 0.1 0.0 76.4 44
19:54:53 2-12-2011 -1.6 92 -2.7 -3.3 -1.6 1017.8 5 146 0 0.0 0.3 540.8 0.0 0.0 65535 709 1542 0.0 0.1 0.0 76.4 44
20:09:53 2-12-2011 -1.6 92 -2.7 -1.6 -1.6 1018.0 0 147 2 0.0 0.3 540.8 0.0 0.0 65535 709 1542 0.0 0.1 0.0 76.4 1
20:24:53 2-12-2011 -1.6 92 -2.7 -1.6 -1.6 1018.0 0 147 0 0.0 0.3 540.8 0.0 0.0 65535 709 1542 0.0 0.1 0.0 76.4 1
20:39:54 2-12-2011 -1.4 92 -2.6 -1.4 -1.4 1018.1 0 232 3 0.0 0.3 540.8 0.0 0.0 65535 709 1542 0.0 0.1 0.0 76.4 1
20:54:53 2-12-2011 -1.4 91 -2.7 -3.1 -1.4 1017.8 5 227 3 0.0 0.3 540.8 0.0 0.0 65535 709 1542 0.0 0.1 0.0 76.4 1
21:09:54 2-12-2011 -1.4 91 -2.7 -1.4 -1.4 1018.0 3 229 3 0.0 0.3 540.8 0.0 0.0 65535 709 1542 0.0 0.1 0.0 76.4 44
21:24:53 2-12-2011 -1.4 91 -2.7 -1.4 -1.4 1017.8 2 209 0 0.0 0.3 540.8 0.0 0.0 65535 709 1542 0.0 0.1 0.0 76.4 44
21:39:53 2-12-2011 -1.4 91 -2.7 -1.4 -1.4 1017.8 0 227 2 0.0 0.3 540.8 0.0 0.0 65535 709 1542 0.0 0.1 0.0 76.4 44
21:54:54 2-12-2011 -1.4 91 -2.7 -1.4 -1.4 1018.0 0 227 2 0.0 0.3 540.8 0.0 0.0 65535 709 1542 0.0 0.1 0.0 76.4 44
22:09:54 2-12-2011 -1.3 91 -2.6 -1.3 -1.3 1018.0 0 227 0 0.0 0.3 540.8 0.0 0.0 65535 709 1542 0.0 0.1 0.0 76.4 44
22:24:54 2-12-2011 -1.3 91 -2.6 -1.3 -1.3 1018.1 0 227 0 0.0 0.3 540.8 0.0 0.0 65535 709 1542 0.0 0.1 0.0 76.4 44
22:39:53 2-12-2011 -1.2 91 -2.4 -1.2 -1.2 1018.1 0 227 0 0.0 0.3 540.8 0.0 0.0 65535 709 1542 0.0 0.1 0.0 76.4 44
22:54:54 2-12-2011 -1.1 91 -2.3 -1.1 -1.1 1018.0 2 225 0 0.0 0.3 540.8 0.0 0.0 65535 709 1542 0.0 0.1 0.0 76.4 44
23:09:53 2-12-2011 -1.1 91 -2.3 -1.1 -1.1 1017.7 0 177 0 0.0 0.3 540.8 0.0 0.0 65535 709 1542 0.0 0.1 0.0 76.4 44
23:24:54 2-12-2011 -1.1 91 -2.3 -1.1 -1.1 1017.5 0 173 0 0.0 0.3 540.8 0.0 0.0 65535 709 1542 0.0 0.1 0.0 76.4 44
23:39:53 2-12-2011 -1.1 91 -2.3 -1.1 -1.1 1017.5 0 173 0 0.0 0.3 540.8 0.0 0.0 65535 709 1542 0.0 0.1 0.0 76.4 44
23:54:53 2-12-2011 -1.1 91 -2.3 -1.1 -1.1 1017.7 0 173 0 0.0 0.3 540.8 0.0 0.0 65535 709 1542 0.0 0.1 0.0 76.4 44
00:09:55 3-12-2011 -1.0 91 -2.3 -1.0 -1.0 1017.7 0 173 0 0.0 0.3 540.8 0.0 0.0 65535 709 1541 0.0 0.0 0.0 76.4 44
00:24:55 3-12-2011 -1.0 92 -2.1 -1.0 -1.0 1017.8 2 173 0 0.0 0.3 540.8 0.0 0.0 65535 709 1541 0.0 0.0 0.0 76.4 44
00:39:55 3-12-2011 -0.9 92 -2.1 -0.9 -0.9 1017.6 0 177 0 0.0 0.3 540.8 0.0 0.0 65535 709 1541 0.0 0.0 0.0 76.4 44
00:54:55 3-12-2011 -0.9 92 -2.0 -0.9 -0.9 1017.7 0 177 0 0.0 0.3 540.8 0.0 0.0 65535 709 1541 0.0 0.0 0.0 76.4 44
01:09:55 3-12-2011 -0.9 92 -2.0 -0.9 -0.9 1018.0 0 177 0 0.0 0.3 540.8 0.0 0.0 65535 709 1541 0.0 0.0 0.0 76.4 44
01:24:55 3-12-2011 -0.9 92 -2.0 -0.9 -0.9 1017.8 0 177 0 0.0 0.3 540.8 0.0 0.0 65535 709 1541 0.0 0.0 0.0 76.4 44
01:39:54 3-12-2011 -0.8 92 -1.9 -0.8 -0.8 1017.9 0 177 0 0.0 0.3 540.8 0.0 0.0 65535 709 1541 0.0 0.0 0.0 76.4 44
01:54:54 3-12-2011 -0.7 93 -1.7 -0.7 -0.7 1018.0 0 177 0 0.0 0.3 540.8 0.0 0.0 65535 709 1541 0.0 0.0 0.0 76.4 44
02:09:55 3-12-2011 -0.7 93 -1.7 -0.7 -0.7 1017.9 0 177 0 0.0 0.3 540.8 0.0 0.0 65535 709 1541 0.0 0.0 0.0 76.4 44
02:24:55 3-12-2011 -0.8 93 -1.8 -0.8 -0.8 1018.1 0 177 0 0.0 0.3 540.8 0.0 0.0 65535 709 1541 0.0 0.0 0.0 76.4 44
02:39:55 3-12-2011 -0.8 93 -1.8 -0.8 -0.8 1017.8 0 177 0 0.0 0.3 540.8 0.0 0.0 65535 709 1541 0.0 0.0 0.0 76.4 44
02:54:55 3-12-2011 -0.8 93 -1.8 -0.8 -0.8 1017.8 0 177 0 0.0 0.3 540.8 0.0 0.0 65535 709 1541 0.0 0.0 0.0 76.4 44
03:09:54 3-12-2011 -0.8 93 -1.8 -0.8 -0.8 1017.8 0 177 0 0.0 0.3 540.8 0.0 0.0 65535 709 1541 0.0 0.0 0.0 76.4 44
03:24:54 3-12-2011 -0.7 94 -1.6 -0.7 -0.7 1017.8 0 177 0 0.0 0.3 540.8 0.0 0.0 65535 709 1541 0.0 0.0 0.0 76.4 44
03:39:55 3-12-2011 -0.6 94 -1.5 -0.6 -0.6 1017.6 0 177 0 0.0 0.3 540.8 0.0 0.0 65535 709 1541 0.0 0.0 0.0 76.4 44
03:54:55 3-12-2011 -0.6 94 -1.5 -0.6 -0.6 1017.7 3 343 0 0.0 0.3 540.8 0.0 0.0 65535 709 1541 0.0 0.0 0.0 76.4 44
04:09:54 3-12-2011 -0.6 94 -1.5 -0.6 -0.6 1017.7 0 5 0 0.0 0.3 540.8 0.0 0.0 65535 709 1541 0.0 0.0 0.0 76.4 44
04:24:54 3-12-2011 -0.6 93 -1.6 -0.6 -0.6 1017.5 2 50 0 0.0 0.3 540.8 0.0 0.0 65535 709 1541 0.0 0.0 0.0 76.4 44
04:39:55 3-12-2011 -0.5 93 -1.5 -0.5 -0.5 1017.4 0 50 0 0.0 0.3 540.8 0.0 0.0 65535 709 1541 0.0 0.0 0.0 76.4 44
04:54:55 3-12-2011 -0.4 93 -1.4 -0.4 -0.4 1017.5 0 50 0 0.0 0.3 540.8 0.0 0.0 65535 709 1541 0.0 0.0 0.0 76.4 44
05:09:54 3-12-2011 -0.4 93 -1.4 -0.4 -0.4 1017.5 0 50 0 0.0 0.3 540.8 0.0 0.0 65535 709 1541 0.0 0.0 0.0 76.4 44
05:24:54 3-12-2011 -0.3 93 -1.3 -0.3 -0.3 1017.4 0 50 0 0.0 0.3 540.8 0.0 0.0 65535 709 1541 0.0 0.0 0.0 76.4 44
05:39:55 3-12-2011 -0.2 93 -1.2 -0.2 -0.2 1017.5 0 50 0 0.0 0.3 540.8 0.0 0.0 65535 709 1541 0.0 0.0 0.0 76.4 44
05:54:55 3-12-2011 -0.2 93 -1.2 -0.2 -0.2 1017.5 0 50 0 0.0 0.3 540.8 0.0 0.0 65535 709 1541 0.0 0.0 0.0 76.4 44
06:09:55 3-12-2011 -0.2 93 -1.2 -0.2 -0.2 1017.5 0 50 0 0.0 0.3 540.8 0.0 0.0 65535 709 1541 0.0 0.0 0.0 76.4 44
06:24:55 3-12-2011 -0.2 93 -1.2 -0.2 -0.2 1017.6 0 50 0 0.0 0.3 540.8 0.0 0.0 65535 709 1541 0.0 0.0 0.0 76.4 44
06:39:54 3-12-2011 -0.2 93 -1.2 -0.2 -0.2 1017.7 0 50 0 0.0 0.3 540.8 0.0 0.0 65535 709 1541 0.0 0.0 0.0 76.4 44
06:54:54 3-12-2011 -0.2 93 -1.2 -0.2 -0.2 1017.6 0 50 0 0.0 0.3 540.8 0.0 0.0 65535 709 1541 0.0 0.0 0.0 76.4 44
07:09:54 3-12-2011 -0.1 94 -1.0 -0.1 -0.1 1017.8 0 50 0 0.0 0.3 540.8 0.0 0.0 65535 709 1541 0.0 0.0 0.0 76.4 44
07:24:55 3-12-2011 0.0 94 -0.8 0.0 0.0 1017.7 0 50 0 0.0 0.3 540.8 0.0 0.0 65535 709 1541 0.0 0.0 0.0 76.4 44
07:39:54 3-12-2011 0.1 94 -0.8 0.1 0.1 1017.9 2 50 2 0.0 0.3 540.8 0.0 0.0 65535 709 1541 5.0 0.0 0.0 76.4 44
07:54:54 3-12-2011 0.1 94 -0.8 0.1 0.1 1018.0 3 272 3 0.0 0.3 540.8 0.0 0.0 65535 709 1541 0.0 0.0 0.0 76.4 44
08:09:54 3-12-2011 0.1 94 -0.8 0.1 0.1 1018.0 2 275 2 0.0 0.3 540.8 0.0 0.0 65535 709 1541 5.0 0.0 0.0 76.4 44
08:24:55 3-12-2011 0.1 94 -0.8 0.1 0.1 1018.0 0 275 0 0.0 0.3 540.8 0.0 0.0 65535 709 1541 11.0 0.0 0.0 76.4 44
08:39:55 3-12-2011 0.1 94 -0.8 0.1 0.1 1018.1 0 142 2 0.0 0.3 540.8 0.0 0.0 65535 709 1541 9.0 0.0 0.0 76.4 44
08:54:54 3-12-2011 0.2 94 -0.7 0.2 0.2 1017.9 3 229 2 0.0 0.3 540.8 0.0 0.0 65535 709 1541 11.0 0.0 0.0 76.4 44
09:09:54 3-12-2011 0.2 94 -0.7 0.2 0.2 1017.9 3 208 2 0.0 0.3 540.8 0.0 0.0 65535 709 1541 16.0 0.0 0.0 76.4 44
09:24:55 3-12-2011 0.2 94 -0.7 0.2 0.2 1018.0 2 235 2 0.0 0.3 540.8 0.0 0.0 65535 709 1541 14.0 0.0 0.0 76.4 44
09:39:54 3-12-2011 0.2 94 -0.7 0.2 0.2 1017.9 0 224 0 0.0 0.3 540.8 0.0 0.0 65535 709 1541 12.0 0.0 0.0 76.4 44
09:54:54 3-12-2011 0.2 94 -0.7 0.2 0.2 1017.7 0 236 2 0.0 0.3 540.8 0.0 0.0 65535 709 1541 11.0 0.0 0.0 76.4 44
10:09:54 3-12-2011 0.2 94 -0.6 0.2 0.2 1017.7 3 238 0 0.0 0.3 540.8 0.0 0.0 65535 709 1541 21.0 0.0 0.0 76.4 44
10:24:55 3-12-2011 0.2 94 -0.6 0.2 0.2 1017.4 0 244 0 0.0 0.3 540.8 0.0 0.0 65535 709 1541 26.0 0.0 0.0 76.4 44
10:39:54 3-12-2011 0.3 94 -0.6 0.3 0.3 1017.1 0 202 2 0.0 0.3 540.8 0.0 0.0 65535 709 1541 30.0 0.0 0.0 76.4 44
10:54:55 3-12-2011 0.3 94 -0.5 0.3 0.3 1016.9 2 170 2 0.0 0.3 540.8 0.0 0.0 65535 709 1541 30.0 0.0 0.0 76.4 44
11:09:54 3-12-2011 0.4 94 -0.4 -1.7 0.4 1016.7 6 272 2 0.0 0.3 540.8 0.0 0.0 65535 709 1541 30.0 0.0 0.0 76.4 44
11:24:54 3-12-2011 0.4 94 -0.4 0.4 0.4 1016.7 3 229 2 0.0 0.3 540.8 0.0 0.0 65535 709 1541 28.0 0.0 0.0 76.4 44
11:39:54 3-12-2011 0.5 94 -0.4 0.5 0.5 1016.5 0 254 3 0.0 0.3 540.8 0.0 0.0 65535 709 1541 47.0 0.0 0.0 76.4 44
11:54:55 3-12-2011 0.7 94 -0.2 0.7 0.7 1016.4 0 259 3 0.0 0.3 540.8 0.0 0.0 65535 709 1541 39.0 0.0 0.0 76.4 44
12:09:54 3-12-2011 0.7 94 -0.1 0.7 0.7 1016.1 2 234 2 0.0 0.3 540.8 0.0 0.0 65535 709 1541 46.0 0.0 0.0 76.4 51
12:24:54 3-12-2011 0.8 94 -0.1 -0.6 0.8 1015.9 5 194 2 0.0 0.3 540.8 0.0 0.0 65535 709 1541 44.0 0.0 0.0 76.4 51
12:39:55 3-12-2011 0.8 95 0.1 0.8 0.8 1015.8 0 232 3 0.0 0.3 540.8 0.0 0.0 65535 709 1541 30.0 0.0 0.0 76.4 51
12:54:54 3-12-2011 0.9 95 0.2 -1.2 0.9 1015.6 6 228 3 0.0 0.3 540.8 0.0 0.0 65535 709 1541 35.0 0.0 0.0 76.4 51
13:09:54 3-12-2011 1.1 95 0.3 -1.0 1.1 1015.6 6 238 2 0.0 0.3 540.8 0.0 0.0 65535 709 1541 12.0 0.1 0.0 76.4 51
13:24:54 3-12-2011 1.1 95 0.3 1.1 1.1 1015.4 0 227 3 0.0 0.3 540.8 0.0 0.0 65535 709 1541 16.0 0.1 0.0 76.4 51
13:39:55 3-12-2011 1.1 95 0.3 1.1 1.1 1015.1 2 263 2 0.0 0.3 540.8 0.0 0.0 65535 709 1541 30.0 0.1 0.0 76.4 51
13:54:54 3-12-2011 1.1 95 0.4 1.1 1.1 1015.3 0 225 2 0.0 0.3 540.8 0.0 0.0 65535 709 1541 14.0 0.1 0.0 76.4 51
14:09:54 3-12-2011 1.1 95 0.4 1.1 1.1 1015.2 0 209 2 0.0 0.3 540.8 0.0 0.0 65535 709 1541 16.0 0.1 0.0 76.4 51
14:24:54 3-12-2011 1.1 95 0.3 -1.0 1.1 1015.1 6 240 3 0.0 0.3 540.8 0.0 0.0 65535 709 1541 16.0 0.1 0.0 76.4 51
14:39:54 3-12-2011 0.9 95 0.2 0.9 0.9 1014.5 0 168 3 0.0 0.3 540.8 0.0 0.0 65535 709 1541 11.0 0.1 0.0 76.4 51
14:54:54 3-12-2011 0.8 95 0.1 0.8 0.8 1014.2 3 225 3 0.0 0.3 540.8 0.0 0.0 65535 709 1541 5.0 0.1 0.0 76.4 51
15:09:54 3-12-2011 0.8 95 0.1 -1.3 0.8 1014.3 6 246 3 0.0 0.3 540.8 0.0 0.0 65535 709 1541 0.0 0.1 0.0 76.4 51
15:24:54 3-12-2011 0.7 95 0.0 0.7 0.7 1014.5 2 217 3 0.0 0.3 540.8 0.0 0.0 65535 709 1541 0.0 0.1 0.0 76.4 51
15:39:54 3-12-2011 0.8 95 0.1 -0.6 0.8 1014.3 5 236 3 0.0 0.3 540.8 0.0 0.0 65535 709 1541 0.0 0.1 0.0 76.4 51
15:54:54 3-12-2011 0.8 95 0.1 -1.2 0.8 1014.2 6 251 3 0.0 0.3 540.8 0.0 0.0 65535 709 1541 0.0 0.1 0.0 76.4 51
16:09:53 3-12-2011 0.8 95 0.1 0.8 0.8 1014.2 0 225 2 0.0 0.3 540.8 0.0 0.0 65535 709 1541 0.0 0.1 0.0 76.4 51
16:24:54 3-12-2011 0.8 95 0.1 0.8 0.8 1014.2 3 232 3 0.0 0.3 540.8 0.0 0.0 65535 709 1541 0.0 0.1 0.0 76.4 51
16:39:53 3-12-2011 0.8 95 0.1 0.8 0.8 1014.0 0 240 3 0.0 0.3 540.8 0.0 0.0 65535 709 1541 0.0 0.1 0.0 76.4 51